
   1991 25.1631
   1991 26.0839
   1991 26.2236
   1991 25.5812
   1991 24.6618
   1991 23.9439
   1991 22.9982
   1991 23.0391
   1991 23.9423
   1991 25.5236
   1991 24.5875
   1991 24.7398
   1992 24.4359
   1992 26.2892
   1992 26.5409
   1992 26.0819
   1992 24.7852
   1992 24.0563
   1992 22.8377
   1992 22.7902
   1992 23.8958
   1992 24.7925
   1992 24.4195
   1992 24.4344
   1993 24.2897
   1993 25.0506
   1993 25.7925
   1993 25.9763
   1993 24.9779
   1993 23.7715
   1993 22.8375
   1993 23.5543
   1993 23.8431
   1993 24.2092
   1993 25.2338
   1993 24.5048
   1994 24.6522
   1994 25.9058
   1994 25.7528
   1994 25.6103
   1994 24.6294
   1994 23.7561
   1994 22.8275
   1994 23.5708
   1994 24.1753
   1994 25.222
   1994 24.1713
   1994 24.3497
   1995 24.9216
   1995 25.9945
   1995 26.1929
   1995 26.0064
   1995 24.8333
   1995 24.1121
   1995 23.2944
   1995 23.6887
   1995 24.3098
   1995 25.3407
   1995 25.0667
   1995 25.0193
   1996 25.7146
   1996 26.4811
   1996 26.5805
   1996 25.7333
   1996 24.6923
   1996 23.7897
   1996 23.1185
   1996 23.2079
   1996 24.014
1996 24.8826
1996 24.6425
1996 24.9152
1997 25.5562
1997 25.9044
1997 26.1192
1997 25.2267
1997 24.7565
1997 23.8643
1997 23.3821
1997 23.5251
1997 24.9931
1997 25.0558
1997 24.4959
1997 24.6103
1998 25.613
1998 26.3175
1998 26.7041
1998 25.8261
1998 24.5654
1998 24.1029
1998 23.3852
1998 23.313
1998 24.3268
1998 25.8522
1998 24.8346
1998 24.7358
1999 25.5838
1999 26.7698
1999 26.7005
1999 25.8207
1999 25.3357
1999 23.9813
1999 23.1006
1999 23.2923
1999 24.4701
1999 24.4443
1999 24.4406
1999 24.4371
2000 24.5514
2000 25.5136
2000 26.5248
2000 26.3236
2000 25.2045
2000 23.5084
2000 24.1301
2000 24.0395
2000 24.0184
2000 24.5562
2000 25.8349
2000 24.6516
2001 25.6423
2001 26.8772
2001 27.1555
2001 25.7671
2001 24.9937
2001 23.4213
2001 23.153
2001 23.4107
2001 24.7741
2001 25.855
2001 24.8915
2001 25.2077
2002 25.5658
2002 26.4501
2002 27.0802
2002 26.4038
2002 25.7182
2002 24.4419
2002 23.7321
2002 24.5022
2002 25.0192
2002 25.6157
2002 25.5577
2002 25.6499
2003 25.9206
2003 26.2382
2003 27.1914
2003 27.0047
2003 25.8128
2003 24.411
2003 23.8584
2003 23.9016
2003 24.5353
2003 25.4204
2003 25.3879
2003 25.77
2004 26.3393
2004 26.9267
2004 26.6257
2004 25.8352
2004 25.6915
2004 24.6079
2004 23.7949
2004 24.5243
2004 24.4596
2004 24.4763
2004 25.1573
2004 25.3106
2005 24.8122
2005 27.1921
2005 27.4049
2005 26.7171
2005 25.1366
2005 24.1579
2005 23.5231
2005 23.9151
2005 25.2023
2005 25.1685
2005 25.3178
2005 25.4102
2006 26.012
2006 26.9355
2006 27.0357
2006 25.8867
2006 24.986
2006 24.4074
2006 23.548
2006 24.2949
2006 24.1269
2006 25.8045
2006 25.1589
2006 24.8899
2007 25.5855
2007 26.4363
2007 26.6092
2007 26.0444
2007 25.5509
2007 23.7128
2007 22.7807
2007 23.6905
2007 24.7334
2007 25.5032
2007 24.8829
2007 25.1843
2008 25.9522
2008 26.0127
2008 26.2269
2008 25.4593
2008 24.5696
2008 23.5775
2008 23.2604
2008 24.4005
2008 25.4872
2008 25.3388
2008 24.499
2008 24.8051
2009 25.6666
2009 26.1369
2009 27.0794
2009 26.8432
2009 25.418
2009 24.6483
2009 23.8074
2009 24.7409
2009 25.2241
2009 25.6667
2009 25.5432
2009 26.582
2010 26.2326
2010 26.4022
2010 27.0585
2010 26.7494
2010 25.2216
2010 24.1788
2010 23.5993
2010 24.1275
2010 24.7352
2010 25.7465
2010 25.2708
2010 25.984
2011 26.1305
2011 26.0875
2011 26.8969
2011 27.0179
2011 25.8316
2011 24.4374
2011 23.8652
2011 23.9092
2011 24.8131
2011 24.8914
2011 24.9862
2011 25.0738
2012 24.9748
2012 25.9048
2012 27.5007
2012 26.1119
2012 25.5211
2012 24.1384
2012 23.423
2012 24.3426
2012 25.22
2012 25.7267
2012 25.4841
2012 24.5937
2013 25.5601
2013 26.66
2013 27.1454
2013 25.0039
2013 25.5921
2013 23.2803
2013 23.7706
2013 23.5732
2013 25.195
2013 25.2564
2013 25.812
2013 25.3371
2014 25.6409
2014 26.6889
2014 26.8922
2014 25.4701
2014 25.6096
2014 25.0937
2014 24.5677
2014 23.8324
2014 24.8383
2014 25.4047
2014 25.4512
2014 25.4477
2015 25.0435
2015 26.386
2015 26.5572
2015 26.0706
2015 25.0663
2015 24.5884
2015 24.4622
2015 24.3538
2015 25.425
2015 26.9733
2015 25.2908
2015 26.2345
2016 27.0367
2016 27.5964
2016 27.7507
2016 26.9416
2016 25.3344
2016 24.2913
2016 24.256
2016 24.0942
2016 24.437
2016 26.0317
2016 25.5692
2016 25.7401
